0,0.1439096
1,0.1387160149
2,0.1327674729
3,0.1264863281
4,0.1201455248
5,0.1138423566
6,0.1075163792
7,0.1010009058
8,0.0940913734
9,0.0866121133
10,0.07846568
11,0.0696549016
12,0.0602755035
13,0.0504845794
14,0.0404556045
15,0.0303329754
16,0.0201979432
17,0.0100538261
18,-0.0001672382
19,-0.0105794937
20,-0.0213086468
21,-0.0324568375
22,-0.0440768873
23,-0.0561621858
24,-0.0686540816
25,-0.0814638805
26,-0.0945027725
27,-0.1077111113
28,-0.1210788709
29,-0.1346516064
30,-0.1485201427
31,-0.1627964805
32,-0.1775819611
33,-0.1929357145
34,-0.2088513742
35,-0.225248057
36,-0.2419781911
37,-0.2588508044
38,-0.2756653067
39,-0.29224844
40,-0.3084864453
41,-0.3243456705
42,-0.3398774988
43,-0.3552069343
44,-0.37050764
45,-0.3859689169
46,-0.4017614893
47,-0.4180088022
48,-0.4347689816
49,-0.4520300784
50,-0.4697183398
51,-0.4877166587
52,-0.5058885701
53,-0.5241025075
54,-0.5422515195
55,-0.5602650893
56,-0.5781116792
57,-0.5957926899
58,-0.6133302304
59,-0.6307521244
60,-0.6480777905
61,-0.6653080589
62,-0.6824208165
63,-0.6993728995
64,-0.716107181
65,-0.7325626319
66,-0.7486844615
67,-0.7644313782
68,-0.7797775483
69,-0.7947078633
70,-0.8092064868
71,-0.8232401167
72,-0.8367387201
73,-0.8495774607
74,-0.8615639358
75,-0.8724345578
76,-0.8818629169
77,-0.8894813214
78,-0.8949146322
79,-0.8978232822
80,-0.8979503587
81,-0.8951662296
82,-0.8895037088
83,-0.8811774117
84,-0.8705827407
85,-0.8582726831
86,-0.8449139044
87,-0.8312269352
88,-0.817918
89,-0.8056116867
90,-0.79479384
91,-0.7857726871
92,-0.7786634329
93,-0.7733978659
94,-0.7697565232
95,-0.76741741
96,-0.7660127856
97,-0.7651845854
98,-0.7646297891
99,-0.7641293216
100,-0.7635574019
101,-0.7628720029
102,-0.7620904976
103,-0.7612570175
104,-0.7604090939
105,-0.7595506495
106,-0.7586365342
107,-0.757571
108,-0.7562193957
109,-0.7544295968
110,-0.7520578074
111,-0.7489927403
112,-0.7451728539
113,-0.7405931015
114,-0.7353000981
115,-0.7293771765
116,-0.7229229456
117,-0.7160282275
118,-0.7087564157
119,-0.7011313665
120,-0.6931351512
121,-0.6847157766
122,-0.6758028114
123,-0.6663272038
124,-0.656240774
125,-0.6455310676
126,-0.6342283796
127,-0.6224035527
128,-0.6101572045
129,-0.5976029032
130,-0.5848481016
131,-0.5719770685
132,-0.5590395597
133,-0.5460476547
134,-0.5329813476
135,-0.5198015171
136,-0.5064672473
137,-0.4929534835
138,-0.4792649116
139,-0.4654427682
140,-0.4515628595
141,-0.4377250401
142,-0.4240363541
143,-0.4105915264
144,-0.3974551672
145,-0.3846497435
146,-0.3721521216
147,-0.3598995512
148,-0.3478037706
149,-0.3357699649
150,-0.3237160773
151,-0.311587773
152,-0.299365303
153,-0.2870604287
154,-0.2747040638
155,-0.2623277897
156,-0.2499443099
157,-0.2375327108
158,-0.2250338123
159,-0.2123589382
160,-0.199412449
161,-0.186124977
162,-0.1724912203
163,-0.1586041475
164,-0.1446770681
165,-0.1310464883
166,-0.1181518179
167,-0.1064922864
168,-0.0965660323
169,-0.0888002997
170,-0.0834841444
171,-0.0807154309
172,-0.0803720111
173,-0.0821130965
174,-0.0854116958
175,-0.0896135494
176,-0.094013341
177,-0.0979360092
178,-0.1008102933
179,-0.1022233515
180,-0.101949
181,-0.0999470732
182,-0.0963365806
183,-0.0913497147
184,-0.0852765211
185,-0.0784107228
186,-0.0710057945
187,-0.0632473496
188,-0.0552439746
189,-0.0470347301
190,-0.0386084438
191,-0.0299282485
192,-0.0209547741
193,-0.0116628349
194,-0.0020488696
195,0.0078708749
196,0.0180690533
197,0.0285189999
198,0.0392054436
199,0.0501308541
200,0.0613157272
201,0.0727930424
202,0.0845988061
203,0.0967616157
204,0.1092943057
205,0.122190006
206,0.1354236029
207,0.1489580586
208,0.1627537363
209,0.1767781555
210,0.1910136162
211,0.205460849
212,0.2201380246
213,0.2350757394
214,0.2503096223
215,0.2658726994
216,0.2817894981
217,0.2980731549
218,0.3147257414
219,0.3317409761
220,0.3491077643
221,0.3668128156
222,0.384840996
223,0.4031729383
224,0.421780507
225,0.4406216569
226,0.4596367327
227,0.4787481512
228,0.4978646834
229,0.5168903687
230,0.535736774
231,0.5543362029
232,0.5726528941
233,0.5906894045
234,0.6084862624
235,0.6261143963
236,0.6436614826
237,0.6612148038
238,0.6788441178
239,0.696588183
240,0.7144479112
241,0.7323877763
242,0.7503453825
243,0.7682473615
244,0.7860283802
245,0.8036492616
246,0.821110181
247,0.8384555587
248,0.8557684895
249,0.8731540868
250,0.8907127538
251,0.9085059225
252,0.9265180867
253,0.9446199122
254,0.9625377898
255,0.9798353274
256,0.9959118687
257,1.0100220609
258,1.0213186717
259,1.028918253
260,1.0319860061
261,1.0298326509
262,1.0220127672
263,1.0084116538
264,0.989306914
265,0.9653922851
266,0.9377549093
267,0.9078030734
268,0.877148725
269,0.8474566559
270,0.82027876
271,0.7968958419
272,0.7781900285
273,0.7645674463
274,0.7559437474
275,0.7517953366
276,0.7512684357
277,0.753328373
278,0.7569246136
279,0.7611444513
280,0.7653305785
281,0.7691445916
282,0.7725685922
283,0.7758484602
284,0.7793928603
285,0.783649551
286,0.7889836574
287,0.7955807523
288,0.8033913892
289,0.8121245786
290,0.821287612
291,0.8302607597
292,0.8383894853
293,0.8450749997
294,0.8498463238
295,0.8524027235
296,0.8526228918
297,0.8505447243
298,0.8463252595
299,0.8401931324
300,0.8324053505
301,0.8232167876
302,0.8128656673
303,0.8015729931
304,0.7895498483
305,0.777004778
306,0.7641444361
307,0.7511638989
308,0.7382274713
309,0.7254450364
310,0.712851702
311,0.700398773
312,0.6879617248
313,0.6753664293
314,0.6624295929
315,0.6490046971
316,0.635022119
317,0.6205124475
318,0.6056054657
319,0.5905031153
320,0.5754315874
321,0.5605837107
322,0.5460663457
323,0.5318673998
324,0.5178531
325,0.503799042
326,0.4894498953
327,0.4745946049
328,0.4591386083
329,0.4431535445
330,0.4268887638
331,0.4107370663
332,0.3951578083
333,0.3805713874
334,0.3672475142
335,0.355213414
336,0.3442059565
337,0.333683814
338,0.3229035534
339,0.3110496236
340,0.2973955777
341,0.2814654513
342,0.2631620955
343,0.242834141
344,0.2212643768
345,0.1995774468
346,0.1790808009
347,0.1610663931
348,0.1466088218
349,0.1363966951
350,0.1306277221
351,0.128985712
352,0.1307018802
353,0.1346869164
354,0.1397074206
355,0.1445731018
356,0.1483008484
357,0.1502281977
358,0.1500602432
359,0.1478479921
360,0.1439096